3.502959896651785675e+04 7.585172096865104322e+03 4.844685600931553381e+03 0.000000000000000000e+00
2.678767499067673998e+04 3.041609084358733526e+03 1.280045226311785882e+03 2.833722933705756532e+03
2.678767499067673998e+04 3.041609084358733526e+03 2.216669197544963936e+03 3.105274051241352026e+03
2.678767499067673998e+04 2.099897680472468892e+03 1.804311918622737949e+03 2.832670355731917425e+03
2.678767499067673998e+04 2.099897680472468892e+03 1.280045226311785882e+03 2.831506208740052443e+03
2.678767499067673998e+04 2.099897680472468892e+03 2.216669197544963936e+03 3.103057326275647938e+03
2.678767499067673998e+04 1.783403358385769479e+03 1.804311918622737949e+03 2.831786331106153739e+03
2.678767499067673998e+04 1.783403358385769479e+03 1.280045226311785882e+03 2.830622184114288757e+03
2.678767499067673998e+04 1.783403358385769479e+03 2.216669197544963936e+03 3.102173301649883797e+03
4.222332951505745586e+04 3.041609084358733526e+03 1.804311918622737949e+03 5.088000007628242201e+03
4.222332951505745586e+04 3.041609084358733526e+03 1.280045226311785882e+03 5.086835860636377220e+03
4.222332951505745586e+04 3.041609084358733526e+03 2.216669197544963936e+03 5.485745044467050320e+03
4.222332951505745586e+04 2.099897680472468892e+03 1.804311918622737949e+03 5.085783282662538113e+03
4.842422439683465927e+04 5.747405472565429591e+03 3.670895291507074035e+03 0.000000000000000000e+00
4.222332951505745586e+04 2.099897680472468892e+03 2.216669197544963936e+03 5.483528319501346232e+03
4.222332951505745586e+04 1.783403358385769479e+03 1.804311918622737949e+03 5.084899258036773972e+03
4.222332951505745586e+04 1.783403358385769479e+03 1.280045226311785882e+03 5.083735111044908990e+03
4.222332951505745586e+04 1.783403358385769479e+03 2.216669197544963936e+03 5.482644294875583000e+03
1.091505455751872505e+05 3.041609084358733526e+03 1.804311918622737949e+03 9.697421728437622733e+03
1.091505455751872505e+05 3.041609084358733526e+03 1.280045226311785882e+03 9.696257581445757751e+03
1.091505455751872505e+05 3.041609084358733526e+03 2.216669197544963936e+03 1.033478407918504490e+04
1.091505455751872505e+05 2.099897680472468892e+03 1.804311918622737949e+03 9.695205003471919554e+03
1.091505455751872505e+05 2.099897680472468892e+03 1.280045226311785882e+03 9.694040856480054572e+03
1.091505455751872505e+05 2.099897680472468892e+03 2.216669197544963936e+03 1.033256735421934172e+04
1.091505455751872505e+05 1.783403358385769479e+03 1.804311918622737949e+03 9.694320978846155413e+03
1.091505455751872505e+05 1.783403358385769479e+03 1.280045226311785882e+03 9.693156831854290431e+03
1.255718213773508178e+05 8.627180022067301252e+03 9.460650962074323616e+03 0.000000000000000000e+00
