8.451918941274687648e+06 1.830145408732758136e+06 1.168922602687292267e+06 0.000000000000000000e+00
8.451918941274687648e+06 1.830145408732758136e+06 5.462308339411047054e+05 9.943241081107671562e+03
8.451918941274687648e+06 1.830145408732758136e+06 4.855880370957559790e+05 9.764314430644804816e+03
8.451918941274687648e+06 8.552164621912193252e+05 1.168922602687292267e+06 8.284606169895147104e+03
8.451918941274687648e+06 8.552164621912193252e+05 5.462308339411047054e+05 6.447353301484637996e+03
8.451918941274687648e+06 8.552164621912193252e+05 4.855880370957559790e+05 6.268426651021772159e+03
8.451918941274687648e+06 3.995574845309699886e+05 1.168922602687292267e+06 6.650710020510356117e+03
8.451918941274687648e+06 3.995574845309699886e+05 5.462308339411047054e+05 4.813457152099847917e+03
8.451918941274687648e+06 3.995574845309699886e+05 4.855880370957559790e+05 4.634530501636982081e+03
7.699832639999978244e+06 1.830145408732758136e+06 1.168922602687292267e+06 1.162307449118865043e+04
7.699832639999978244e+06 1.830145408732758136e+06 5.462308339411047054e+05 9.785821622778141318e+03
7.699832639999978244e+06 1.830145408732758136e+06 4.855880370957559790e+05 9.606894972315276391e+03
7.699832639999978244e+06 8.552164621912193252e+05 1.168922602687292267e+06 8.127186711565616861e+03
7.699832639999978244e+06 8.552164621912193252e+05 5.462308339411047054e+05 0.000000000000000000e+00
7.699832639999978244e+06 8.552164621912193252e+05 4.855880370957559790e+05 6.111007192692242825e+03
7.699832639999978244e+06 3.995574845309699886e+05 1.168922602687292267e+06 6.493290562180827692e+03
7.699832639999978244e+06 3.995574845309699886e+05 5.462308339411047054e+05 4.656037693770318583e+03
7.699832639999978244e+06 3.995574845309699886e+05 4.855880370957559790e+05 4.477111043307452746e+03
6.844993701570175588e+06 1.830145408732758136e+06 1.168922602687292267e+06 1.144414784085805695e+04
6.844993701570175588e+06 1.830145408732758136e+06 5.462308339411047054e+05 9.606894972447549662e+03
6.844993701570175588e+06 1.830145408732758136e+06 4.855880370957559790e+05 9.427968321984682916e+03
6.844993701570175588e+06 8.552164621912193252e+05 1.168922602687292267e+06 7.948260061235023386e+03
6.844993701570175588e+06 8.552164621912193252e+05 5.462308339411047054e+05 6.111007192824515187e+03
6.844993701570175588e+06 8.552164621912193252e+05 4.855880370957559790e+05 5.932080542361649350e+03
6.844993701570175588e+06 3.995574845309699886e+05 1.168922602687292267e+06 6.314363911850233308e+03
6.844993701570175588e+06 3.995574845309699886e+05 5.462308339411047054e+05 4.477111043439725108e+03
6.844993701570175588e+06 3.995574845309699886e+05 4.855880370957559790e+05 0.000000000000000000e+00
