1.180064975538960425e+05 2.555266457232782341e+04 1.632060875324818153e+04 0.000000000000000000e+00
1.180064975538960425e+05 2.555266457232782341e+04 1.490160967035361318e+04 0.000000000000000000e+00
1.180064975538960425e+05 2.555266457232782341e+04 1.659641084182642226e+04 0.000000000000000000e+00
1.180064975538960425e+05 2.333098227224638686e+04 1.632060875324818153e+04 0.000000000000000000e+00
1.180064975538960425e+05 2.333098227224638686e+04 1.490160967035361318e+04 0.000000000000000000e+00
1.180064975538960425e+05 2.333098227224638686e+04 1.659641084182642226e+04 0.000000000000000000e+00
1.180064975538960425e+05 2.109630987990958965e+04 1.632060875324818153e+04 0.000000000000000000e+00
1.180064975538960425e+05 2.109630987990958965e+04 1.490160967035361318e+04 0.000000000000000000e+00
1.180064975538960425e+05 2.109630987990958965e+04 1.659641084182642226e+04 0.000000000000000000e+00
1.333494993092142395e+05 2.555266457232782341e+04 1.632060875324818153e+04 0.000000000000000000e+00
1.333494993092142395e+05 2.555266457232782341e+04 1.490160967035361318e+04 0.000000000000000000e+00
1.333494993092142395e+05 2.555266457232782341e+04 1.659641084182642226e+04 0.000000000000000000e+00
1.333494993092142395e+05 2.333098227224638686e+04 1.632060875324818153e+04 0.000000000000000000e+00
1.333494993092142395e+05 2.333098227224638686e+04 1.490160967035361318e+04 0.000000000000000000e+00
1.333494993092142395e+05 2.333098227224638686e+04 1.659641084182642226e+04 0.000000000000000000e+00
1.333494993092142395e+05 2.109630987990958965e+04 1.632060875324818153e+04 0.000000000000000000e+00
1.333494993092142395e+05 2.109630987990958965e+04 1.490160967035361318e+04 0.000000000000000000e+00
1.333494993092142395e+05 2.109630987990958965e+04 1.659641084182642226e+04 0.000000000000000000e+00
1.485157057520050148e+05 2.555266457232782341e+04 1.632060875324818153e+04 0.000000000000000000e+00
1.485157057520050148e+05 2.555266457232782341e+04 1.490160967035361318e+04 0.000000000000000000e+00
1.485157057520050148e+05 2.555266457232782341e+04 1.659641084182642226e+04 0.000000000000000000e+00
1.485157057520050148e+05 2.333098227224638686e+04 1.632060875324818153e+04 0.000000000000000000e+00
1.485157057520050148e+05 2.333098227224638686e+04 1.490160967035361318e+04 0.000000000000000000e+00
1.485157057520050148e+05 2.333098227224638686e+04 1.659641084182642226e+04 0.000000000000000000e+00
1.485157057520050148e+05 2.109630987990958965e+04 1.632060875324818153e+04 0.000000000000000000e+00
1.485157057520050148e+05 2.109630987990958965e+04 1.490160967035361318e+04 0.000000000000000000e+00
1.485157057520050148e+05 2.109630987990958965e+04 1.659641084182642226e+04 0.000000000000000000e+00
