1.614880154616885702e+05 3.496798207792568428e+04 2.233421695686702878e+04 0.000000000000000000e+00
1.532460914858474862e+05 3.042441906541931530e+04 1.672788573060650378e+04 2.843666174786864303e+03
1.532460914858474862e+05 3.042441906541931530e+04 1.929866807646714369e+04 3.115038365671996871e+03
1.532460914858474862e+05 2.628609641491007642e+04 1.929384327455821040e+04 2.840954961901812567e+03
1.532460914858474862e+05 2.628609641491007642e+04 1.672788573060650378e+04 2.837953562041537225e+03
1.532460914858474862e+05 2.628609641491007642e+04 1.929866807646714369e+04 3.109325752926669793e+03
1.532460914858474862e+05 2.327927072282632798e+04 1.929384327455821040e+04 2.838437041126664099e+03
1.532460914858474862e+05 2.327927072282632798e+04 1.672788573060650378e+04 2.835435641266388757e+03
1.532460914858474862e+05 2.327927072282632798e+04 1.929866807646714369e+04 3.106807832151520870e+03
1.832726614642716595e+05 3.042441906541931530e+04 1.929384327455821040e+04 5.099623082119431274e+03
1.832726614642716595e+05 3.042441906541931530e+04 1.672788573060650378e+04 5.096621682259155023e+03
1.832726614642716595e+05 3.042441906541931530e+04 1.929866807646714369e+04 5.495351939439365196e+03
1.832726614642716595e+05 2.628609641491007642e+04 1.929384327455821040e+04 5.093910469374103741e+03
1.894735563460488920e+05 2.993360420700303803e+04 1.911873579580179285e+04 0.000000000000000000e+00
1.832726614642716595e+05 2.628609641491007642e+04 1.929866807646714369e+04 5.489639326694038573e+03
1.832726614642716595e+05 2.327927072282632798e+04 1.929384327455821040e+04 5.091392548598954818e+03
1.832726614642716595e+05 2.327927072282632798e+04 1.672788573060650378e+04 5.088391148738679476e+03
1.832726614642716595e+05 2.327927072282632798e+04 1.929866807646714369e+04 5.487121405918890559e+03
2.645112450287624379e+05 3.042441906541931530e+04 1.929384327455821040e+04 9.708865876278481664e+03
2.645112450287624379e+05 3.042441906541931530e+04 1.672788573060650378e+04 9.705864476418204504e+03
2.645112450287624379e+05 3.042441906541931530e+04 1.929866807646714369e+04 1.034421204750702964e+04
2.645112450287624379e+05 2.628609641491007642e+04 1.929384327455821040e+04 9.703153263533155041e+03
2.645112450287624379e+05 2.628609641491007642e+04 1.672788573060650378e+04 9.700151863672879699e+03
2.645112450287624379e+05 2.628609641491007642e+04 1.929866807646714369e+04 1.033849943476170301e+04
2.645112450287624379e+05 2.327927072282632798e+04 1.929384327455821040e+04 9.700635342758005208e+03
2.645112450287624379e+05 2.327927072282632798e+04 1.672788573060650378e+04 9.697633942897729867e+03
2.809325208309260197e+05 3.012304738650786021e+04 2.654264984099650246e+04 0.000000000000000000e+00
